058194
058156
040167
040942
040859
058020
057026
040583
040879
040933
058197
040523
040866
040932
058213
040610
040485
040943
040550
058067
040876
040750
040394
040931
040182
040899
040558
040946
040754
040178
040490
040848
040832
040607
058056
040845
040677
040290
040799
040944
040725
040717
040882
040162
040534
040413
040947
040841
040948
040524
040196
040844
040609
040606
040865
040376
040981
040139
040941
040945
040714
040417
041456
040936
040407
040847
040584
040135
040014
040042
040160
040949
040416
040846
040937
040930
040024
040447
040190
040198
040983
040197
040335
040939
040881
040104
040867
040764
040497
041276
040950
040739
040884
040849
040544
040738
040938
040675
040400
040166
040341
040768
040183
040894
040934
040516
040940
040762
040471
040735
040094
040345
040994
040751
040766
041040
040542
040935
040761
040493
041327
040793
040912
040374
040424
040317
040973
040786
040312
040319
040835
040310
040952
040314
040395
040792
040406
041011
040794
040659
040878
040992
040883
040408
040854
040964
040985
040397
040816
040091
040736
040788
040512
040716
040967
040715
040185
040795
040269
040388
040184
040004
040851
040951
040836
041126
040968
040141
040784
040956
040460
040503
040962
041553
040853
040785
040984
040429
041103
040079
040463
040244
040211
040095
040791
040928
040449
040096
040672
040790
040436
040829
040082
040083
041529
040142
040458
040732
040265
041369
040770
040990
040450
040383
041096
040767
040537
040914
040245
040115
040913
040976
041510
040468
040839
040120
040963
040231
040911
040216
040326
040209
040212
040175
040488
040329
040224
040320
040222
040552
040476
040147
040403
040041
040763
040842
040056
040237
041512
040693
040977
040531
040308
040960
040186
040480
040633
040991
040171
040188
040808
040965
040075
040986
040425
040958
040578
040063
040517
040929
040980
040140
040970
040823
040979
040189
040972
040774
040205
040978
040969
040145
040915
040343
040043
040989
040284
040110
040924
040020
040169
040247
040635
040923
040387
040117
040998
040999
040759
040496
040396
040957
040632
040121
040051
040850
040134
040695
040492
040651
040102
040674
040988
040282
040830
040118
040123
040157
040486
040658
040861
040106
040525
040783
040814
040561
040078
040953
040122
040059
040995
040908
040757
040782
040206
040756
040686
040057